"ID","x-position","y-position","z-position","type","x-velocity","y-velocity","z-velocity","x-acceleration","y-acceleration","z-acceleration","status","marker-info","algorithm","color","x-axis-1","x-axis-2","x-axis-3","y-axis-1","y-axis-2","y-axis-3","z-axis-1","z-axis-2","z-axis-3"
0,-4.1489,24.8592,11.0162,"SLAVE",0,0,0,0,0,0,"READY",0,"RndJmpRobot",0,1,0,0,0,1,0,0,0,1
1,21.6279,-24.9943,-18.5938,"SLAVE",0,0,0,0,0,0,"READY",0,"RndJmpRobot",0,1,0,0,0,1,0,0,0,1
2,-9.88337,24.952,-17.6622,"SLAVE",0,0,0,0,0,0,"READY",0,"RndJmpRobot",0,1,0,0,0,1,0,0,0,1
3,-13.1956,-20.3831,-5.17096,"SLAVE",0,0,0,0,0,0,"READY",0,"RndJmpRobot",0,1,0,0,0,1,0,0,0,1
4,-15.687,-5.60446,-7.72196,"SLAVE",0,0,0,0,0,0,"READY",0,"RndJmpRobot",0,1,0,0,0,1,0,0,0,1
5,8.4873,-5.16163,21.777,"SLAVE",0,0,0,0,0,0,"READY",0,"RndJmpRobot",0,1,0,0,0,1,0,0,0,1
6,1.94084,17.3155,-4.04027,"SLAVE",0,0,0,0,0,0,"READY",0,"RndJmpRobot",0,1,0,0,0,1,0,0,0,1
7,-9.33632,9.26098,1.22741,"SLAVE",0,0,0,0,0,0,"READY",0,"RndJmpRobot",0,1,0,0,0,1,0,0,0,1
8,-14.7774,-2.82736,18.9059,"SLAVE",0,0,0,0,0,0,"READY",0,"RndJmpRobot",0,1,0,0,0,1,0,0,0,1
9,-13.5211,-23.6306,1.7207,"SLAVE",0,0,0,0,0,0,"READY",0,"RndJmpRobot",0,1,0,0,0,1,0,0,0,1
10,8.52338,20.6981,-4.13476,"SLAVE",0,0,0,0,0,0,"READY",0,"RndJmpRobot",0,1,0,0,0,1,0,0,0,1
11,-2.13976,2.93449,-3.46507,"SLAVE",0,0,0,0,0,0,"READY",0,"RndJmpRobot",0,1,0,0,0,1,0,0,0,1
12,-17.9807,21.9564,-15.0949,"SLAVE",0,0,0,0,0,0,"READY",0,"RndJmpRobot",0,1,0,0,0,1,0,0,0,1
13,13.9195,15.0372,10.7985,"SLAVE",0,0,0,0,0,0,"READY",0,"RndJmpRobot",0,1,0,0,0,1,0,0,0,1
14,23.4131,15.1379,-9.32879,"SLAVE",0,0,0,0,0,0,"READY",0,"RndJmpRobot",0,1,0,0,0,1,0,0,0,1
15,-20.36,9.61613,0.907627,"SLAVE",0,0,0,0,0,0,"READY",0,"RndJmpRobot",0,1,0,0,0,1,0,0,0,1
16,18.8195,18.251,19.7303,"SLAVE",0,0,0,0,0,0,"READY",0,"RndJmpRobot",0,1,0,0,0,1,0,0,0,1
17,16.4573,-20.7478,16.4802,"SLAVE",0,0,0,0,0,0,"READY",0,"RndJmpRobot",0,1,0,0,0,1,0,0,0,1
18,-23.0473,-11.3475,-16.5085,"SLAVE",0,0,0,0,0,0,"READY",0,"RndJmpRobot",0,1,0,0,0,1,0,0,0,1
19,-22.0378,18.9071,8.5264,"SLAVE",0,0,0,0,0,0,"READY",0,"RndJmpRobot",0,1,0,0,0,1,0,0,0,1
20,-20.0827,4.65328,-3.94462,"SLAVE",0,0,0,0,0,0,"READY",0,"RndJmpRobot",0,1,0,0,0,1,0,0,0,1
21,8.5827,22.8945,-4.41061,"SLAVE",0,0,0,0,0,0,"READY",0,"RndJmpRobot",0,1,0,0,0,1,0,0,0,1
22,1.65826,-15.1225,9.59386,"SLAVE",0,0,0,0,0,0,"READY",0,"RndJmpRobot",0,1,0,0,0,1,0,0,0,1
23,-10.5185,-9.22422,-17.894,"SLAVE",0,0,0,0,0,0,"READY",0,"RndJmpRobot",0,1,0,0,0,1,0,0,0,1
24,9.32505,14.1657,16.7313,"SLAVE",0,0,0,0,0,0,"READY",0,"RndJmpRobot",0,1,0,0,0,1,0,0,0,1
25,-4.37306,-24.0856,-23.2914,"SLAVE",0,0,0,0,0,0,"READY",0,"RndJmpRobot",0,1,0,0,0,1,0,0,0,1
26,12.5072,6.2015,24.4431,"SLAVE",0,0,0,0,0,0,"READY",0,"RndJmpRobot",0,1,0,0,0,1,0,0,0,1
27,8.03179,12.4083,-10.0752,"SLAVE",0,0,0,0,0,0,"READY",0,"RndJmpRobot",0,1,0,0,0,1,0,0,0,1
28,-10.9778,-2.69327,14.464,"SLAVE",0,0,0,0,0,0,"READY",0,"RndJmpRobot",0,1,0,0,0,1,0,0,0,1
29,-13.8938,-19.8387,-21.3318,"SLAVE",0,0,0,0,0,0,"READY",0,"RndJmpRobot",0,1,0,0,0,1,0,0,0,1
30,-2.60532,-1.53807,20.4298,"SLAVE",0,0,0,0,0,0,"READY",0,"RndJmpRobot",0,1,0,0,0,1,0,0,0,1
31,-20.1914,-10.3193,20.1685,"SLAVE",0,0,0,0,0,0,"READY",0,"RndJmpRobot",0,1,0,0,0,1,0,0,0,1
32,-10.6112,-19.0255,-18.4986,"SLAVE",0,0,0,0,0,0,"READY",0,"RndJmpRobot",0,1,0,0,0,1,0,0,0,1
33,1.23997,-24.0317,-20.8188,"SLAVE",0,0,0,0,0,0,"READY",0,"RndJmpRobot",0,1,0,0,0,1,0,0,0,1
34,8.94178,20.8431,-14.4186,"SLAVE",0,0,0,0,0,0,"READY",0,"RndJmpRobot",0,1,0,0,0,1,0,0,0,1
35,20.5224,-11.7227,-10.0535,"SLAVE",0,0,0,0,0,0,"READY",0,"RndJmpRobot",0,1,0,0,0,1,0,0,0,1
36,-0.421342,4.21946,-22.3319,"SLAVE",0,0,0,0,0,0,"READY",0,"RndJmpRobot",0,1,0,0,0,1,0,0,0,1
37,3.2956,3.70588,5.69692,"SLAVE",0,0,0,0,0,0,"READY",0,"RndJmpRobot",0,1,0,0,0,1,0,0,0,1
38,-17.6636,22.8268,4.46528,"SLAVE",0,0,0,0,0,0,"READY",0,"RndJmpRobot",0,1,0,0,0,1,0,0,0,1
39,-11.9511,9.98792,-13.4492,"SLAVE",0,0,0,0,0,0,"READY",0,"RndJmpRobot",0,1,0,0,0,1,0,0,0,1
40,-19.8833,1.67242,-4.2972,"SLAVE",0,0,0,0,0,0,"READY",0,"RndJmpRobot",0,1,0,0,0,1,0,0,0,1
41,22.4969,9.72001,-0.34702,"SLAVE",0,0,0,0,0,0,"READY",0,"RndJmpRobot",0,1,0,0,0,1,0,0,0,1
42,-4.29104,2.03003,-22.5023,"SLAVE",0,0,0,0,0,0,"READY",0,"RndJmpRobot",0,1,0,0,0,1,0,0,0,1
43,13.2743,1.79482,-22.7327,"SLAVE",0,0,0,0,0,0,"READY",0,"RndJmpRobot",0,1,0,0,0,1,0,0,0,1
44,8.18973,-18.0017,0.744455,"SLAVE",0,0,0,0,0,0,"READY",0,"RndJmpRobot",0,1,0,0,0,1,0,0,0,1
45,14.6202,22.2297,-23.5099,"SLAVE",0,0,0,0,0,0,"READY",0,"RndJmpRobot",0,1,0,0,0,1,0,0,0,1
46,4.32775,19.1563,20.1701,"SLAVE",0,0,0,0,0,0,"READY",0,"RndJmpRobot",0,1,0,0,0,1,0,0,0,1
47,2.03941,-18.1263,-2.60099,"SLAVE",0,0,0,0,0,0,"READY",0,"RndJmpRobot",0,1,0,0,0,1,0,0,0,1
48,-18.0362,19.6068,15.3696,"SLAVE",0,0,0,0,0,0,"READY",0,"RndJmpRobot",0,1,0,0,0,1,0,0,0,1
49,-6.12078,-5.11616,1.92123,"SLAVE",0,0,0,0,0,0,"READY",0,"RndJmpRobot",0,1,0,0,0,1,0,0,0,1
